5.61
13.68
18.22
12.66
17.75
17.97
6.74
8.65
17.15
19.07
4.16
10.31
8.24
12.72
12.68
14.98
13.92
4.71
13.66
14.49
4.46
6.32
13.77
11.53
10.68
6.30
19.20
19.55
9.74
4.47
19.84
7.69
8.11
14.13
15.04
14.33
10.75
14.87
12.23
19.50
17.45
13.00
19.50
9.17
11.22
14.04
16.26
16.81
19.36
9.96
9.85
17.97
8.69
15.00
8.58
5.28
7.73
5.59
9.99
9.70
8.77
10.92
14.32
11.59
5.37
13.19
14.79
16.56
9.94
14.69
6.01
19.31
17.53
19.72
13.32
6.44
9.52
18.34
13.42
19.61
19.28
11.33
12.47
10.60
14.66
4.89
19.78
4.84
6.84
17.85
7.32
6.75
13.46
17.19
15.32
14.18
7.67
19.75
5.69
6.12
7.31
11.75
6.26
5.24
8.19
9.16
17.20
12.05
6.82
18.81
7.34
14.09
13.81
13.54
6.16
15.66
6.90
18.34
10.69
7.49
15.42
11.90
14.16
10.20
13.62
9.74
6.93
15.88
9.08
14.60
6.91
19.43
16.95
13.41
17.54
10.36
11.44
17.45
14.12
13.26
7.60
10.91
13.45
6.72
8.25
7.80
4.73
12.95
16.57
8.47
17.51
14.71
4.73
9.77
19.66
14.52
14.82
5.69
14.50
13.03
18.12
19.90
18.06
9.98
5.28
11.22
4.41
5.83
19.10
7.53
17.39
14.47
5.97
6.66
11.05
14.19
8.52
16.93
18.01
9.62
16.08
16.28
8.68
8.24
19.00
12.13
6.37
8.16
11.81
5.60
4.96
7.25
9.51
13.79
14.04
7.00
14.44
19.80
17.13
19.59
